# ssearch36 -3 -R score500.txt -n query100.fa data500.fa
>>>0 128	query - 128 nt                                    
db1             128 0 -1.00000 -1.00000   46    0    0  1  0    0    0    0  1  0     0        0
db2             128 0 -1.00000 -1.00000   43    0    0  1  0    0    0    0  1  0     1      134
db3             128 0 -1.00000 -1.00000   32    0    0  1  0    0    0    0  1  0     2      268
db4             128 0 -1.00000 -1.00000   50    0    0  1  0    0    0    0  1  0     3      402
db5             128 0 -1.00000 -1.00000   43    0    0  1  0    0    0    0  1  0     4      536
db6             128 0 -1.00000 -1.00000   35    0    0  1  0    0    0    0  1  0     5      670
db7             128 0 -1.00000 -1.00000   55    0    0  1  0    0    0    0  1  0     6      804
db8             128 0 -1.00000 -1.00000   36    0    0  1  0    0    0    0  1  0     7      938
db9             128 0 -1.00000 -1.00000   44    0    0  1  0    0    0    0  1  0     8     1072
db10            128 0 -1.00000 -1.00000   51    0    0  1  0    0    0    0  1  0     9     1206
db11            128 0 -1.00000 -1.00000   36    0    0  1  0    0    0    0  1  0    10     1341
db12            128 0 -1.00000 -1.00000   38    0    0  1  0    0    0    0  1  0    11     1476
db13            128 0 -1.00000 -1.00000   57    0    0  1  0    0    0    0  1  0    12     1611
db14            128 0 -1.00000 -1.00000   49    0    0  1  0    0    0    0  1  0    13     1746
db15            128 0 -1.00000 -1.00000   64    0    0  1  0    0    0    0  1  0    14     1881
db16            128 0 -1.00000 -1.00000   44    0    0  1  0    0    0    0  1  0    15     2016
db17            128 0 -1.00000 -1.00000   52    0    0  1  0    0    0    0  1  0    16     2151
db18            128 0 -1.00000 -1.00000   53    0    0  1  0    0    0    0  1  0    17     2286
db19            128 0 -1.00000 -1.00000   41    0    0  1  0    0    0    0  1  0    18     2421
db20            128 0 -1.00000 -1.00000   37    0    0  1  0    0    0    0  1  0    19     2556
db21            128 0 -1.00000 -1.00000   47    0    0  1  0    0    0    0  1  0    20     2691
db22            128 0 -1.00000 -1.00000   37    0    0  1  0    0    0    0  1  0    21     2826
db23            128 0 -1.00000 -1.00000   41    0    0  1  0    0    0    0  1  0    22     2961
db24            128 0 -1.00000 -1.00000   43    0    0  1  0    0    0    0  1  0    23     3096
db25            128 0 -1.00000 -1.00000   55    0    0  1  0    0    0    0  1  0    24     3231
db26            128 0 -1.00000 -1.00000   39    0    0  1  0    0    0    0  1  0    25     3366
db27            128 0 -1.00000 -1.00000   44    0    0  1  0    0    0    0  1  0    26     3501
db28            128 0 -1.00000 -1.00000   46    0    0  1  0    0    0    0  1  0    27     3636
db29            128 0 -1.00000 -1.00000   56    0    0  1  0    0    0    0  1  0    28     3771
db30            128 0 -1.00000 -1.00000   47    0    0  1  0    0    0    0  1  0    29     3906
db31            128 0 -1.00000 -1.00000   43    0    0  1  0    0    0    0  1  0    30     4041
db32            128 0 -1.00000 -1.00000   45    0    0  1  0    0    0    0  1  0    31     4176
db33            128 0 -1.00000 -1.00000   43    0    0  1  0    0    0    0  1  0    32     4311
db34            128 0 -1.00000 -1.00000   36    0    0  1  0    0    0    0  1  0    33     4446
db35            128 0 -1.00000 -1.00000   52    0    0  1  0    0    0    0  1  0    34     4581
db36            128 0 -1.00000 -1.00000   42    0    0  1  0    0    0    0  1  0    35     4716
db37            128 0 -1.00000 -1.00000   42    0    0  1  0    0    0    0  1  0    36     4851
db38            128 0 -1.00000 -1.00000   34    0    0  1  0    0    0    0  1  0    37     4986
db39            128 0 -1.00000 -1.00000   45    0    0  1  0    0    0    0  1  0    38     5121
db40            128 0 -1.00000 -1.00000   41    0    0  1  0    0    0    0  1  0    39     5256
db41            128 0 -1.00000 -1.00000   51    0    0  1  0    0    0    0  1  0    40     5391
db42            128 0 -1.00000 -1.00000   48    0    0  1  0    0    0    0  1  0    41     5526
db43            128 0 -1.00000 -1.00000   41    0    0  1  0    0    0    0  1  0    42     5661
db44            128 0 -1.00000 -1.00000   51    0    0  1  0    0    0    0  1  0    43     5796
db45            128 0 -1.00000 -1.00000   55    0    0  1  0    0    0    0  1  0    44     5931
db46            128 0 -1.00000 -1.00000   52    0    0  1  0    0    0    0  1  0    45     6066
db47            128 0 -1.00000 -1.00000   50    0    0  1  0    0    0    0  1  0    46     6201
db48            128 0 -1.00000 -1.00000   41    0    0  1  0    0    0    0  1  0    47     6336
db49            128 0 -1.00000 -1.00000   41    0    0  1  0    0    0    0  1  0    48     6471
db50            128 0 -1.00000 -1.00000   41    0    0  1  0    0    0    0  1  0    49     6606
db51            128 0 -1.00000 -1.00000   56    0    0  1  0    0    0    0  1  0    50     6741
db52            128 0 -1.00000 -1.00000   46    0    0  1  0    0    0    0  1  0    51     6876
db53            128 0 -1.00000 -1.00000   49    0    0  1  0    0    0    0  1  0    52     7011
db54            128 0 -1.00000 -1.00000   49    0    0  1  0    0    0    0  1  0    53     7146
db55            128 0 -1.00000 -1.00000   49    0    0  1  0    0    0    0  1  0    54     7281
db56            128 0 -1.00000 -1.00000   55    0    0  1  0    0    0    0  1  0    55     7416
db57            128 0 -1.00000 -1.00000   45    0    0  1  0    0    0    0  1  0    56     7551
db58            128 0 -1.00000 -1.00000   52    0    0  1  0    0    0    0  1  0    57     7686
db59            128 0 -1.00000 -1.00000   50    0    0  1  0    0    0    0  1  0    58     7821
db60            128 0 -1.00000 -1.00000   47    0    0  1  0    0    0    0  1  0    59     7956
db61            128 0 -1.00000 -1.00000   40    0    0  1  0    0    0    0  1  0    60     8091
db62            128 0 -1.00000 -1.00000   43    0    0  1  0    0    0    0  1  0    61     8226
db63            128 0 -1.00000 -1.00000   47    0    0  1  0    0    0    0  1  0    62     8361
db64            128 0 -1.00000 -1.00000   53    0    0  1  0    0    0    0  1  0    63     8496
db65            128 0 -1.00000 -1.00000   52    0    0  1  0    0    0    0  1  0    64     8631
db66            128 0 -1.00000 -1.00000   42    0    0  1  0    0    0    0  1  0    65     8766
db67            128 0 -1.00000 -1.00000   35    0    0  1  0    0    0    0  1  0    66     8901
db68            128 0 -1.00000 -1.00000   35    0    0  1  0    0    0    0  1  0    67     9036
db69            128 0 -1.00000 -1.00000   34    0    0  1  0    0    0    0  1  0    68     9171
db70            128 0 -1.00000 -1.00000   38    0    0  1  0    0    0    0  1  0    69     9306
db71            128 0 -1.00000 -1.00000   50    0    0  1  0    0    0    0  1  0    70     9441
db72            128 0 -1.00000 -1.00000   35    0    0  1  0    0    0    0  1  0    71     9576
db73            128 0 -1.00000 -1.00000   43    0    0  1  0    0    0    0  1  0    72     9711
db74            128 0 -1.00000 -1.00000   42    0    0  1  0    0    0    0  1  0    73     9846
db75            128 0 -1.00000 -1.00000   53    0    0  1  0    0    0    0  1  0    74     9981
db76            128 0 -1.00000 -1.00000   52    0    0  1  0    0    0    0  1  0    75    10116
db77            128 0 -1.00000 -1.00000   41    0    0  1  0    0    0    0  1  0    76    10251
db78            128 0 -1.00000 -1.00000   45    0    0  1  0    0    0    0  1  0    77    10386
db79            128 0 -1.00000 -1.00000   44    0    0  1  0    0    0    0  1  0    78    10521
db80            128 0 -1.00000 -1.00000   36    0    0  1  0    0    0    0  1  0    79    10656
db81            128 0 -1.00000 -1.00000   41    0    0  1  0    0    0    0  1  0    80    10791
db82            128 0 -1.00000 -1.00000   38    0    0  1  0    0    0    0  1  0    81    10926
db83            128 0 -1.00000 -1.00000   36    0    0  1  0    0    0    0  1  0    82    11061
db84            128 0 -1.00000 -1.00000   44    0    0  1  0    0    0    0  1  0    83    11196
db85            128 0 -1.00000 -1.00000   50    0    0  1  0    0    0    0  1  0    84    11331
db86            128 0 -1.00000 -1.00000   41    0    0  1  0    0    0    0  1  0    85    11466
db87            128 0 -1.00000 -1.00000   42    0    0  1  0    0    0    0  1  0    86    11601
db88            128 0 -1.00000 -1.00000   36    0    0  1  0    0    0    0  1  0    87    11736
db89            128 0 -1.00000 -1.00000   40    0    0  1  0    0    0    0  1  0    88    11871
db90            128 0 -1.00000 -1.00000   50    0    0  1  0    0    0    0  1  0    89    12006
db91            128 0 -1.00000 -1.00000   44    0    0  1  0    0    0    0  1  0    90    12141
db92            128 0 -1.00000 -1.00000   50    0    0  1  0    0    0    0  1  0    91    12276
db93            128 0 -1.00000 -1.00000   30    0    0  1  0    0    0    0  1  0    92    12411
db94            128 0 -1.00000 -1.00000   38    0    0  1  0    0    0    0  1  0    93    12546
db95            128 0 -1.00000 -1.00000   44    0    0  1  0    0    0    0  1  0    94    12681
db96            128 0 -1.00000 -1.00000   50    0    0  1  0    0    0    0  1  0    95    12816
db97            128 0 -1.00000 -1.00000   40    0    0  1  0    0    0    0  1  0    96    12951
db98            128 0 -1.00000 -1.00000   37    0    0  1  0    0    0    0  1  0    97    13086
db99            128 0 -1.00000 -1.00000   45    0    0  1  0    0    0    0  1  0    98    13221
db100           128 0 -1.00000 -1.00000   48    0    0  1  0    0    0    0  1  0    99    13356
db101           128 0 -1.00000 -1.00000   40    0    0  1  0    0    0    0  1  0   100    13492
db102           128 0 -1.00000 -1.00000   41    0    0  1  0    0    0    0  1  0   101    13628
db103           128 0 -1.00000 -1.00000   39    0    0  1  0    0    0    0  1  0   102    13764
db104           128 0 -1.00000 -1.00000   44    0    0  1  0    0    0    0  1  0   103    13900
db105           128 0 -1.00000 -1.00000   39    0    0  1  0    0    0    0  1  0   104    14036
db106           128 0 -1.00000 -1.00000   38    0    0  1  0    0    0    0  1  0   105    14172
db107           128 0 -1.00000 -1.00000   52    0    0  1  0    0    0    0  1  0   106    14308
db108           128 0 -1.00000 -1.00000   61    0    0  1  0    0    0    0  1  0   107    14444
db109           128 0 -1.00000 -1.00000   55    0    0  1  0    0    0    0  1  0   108    14580
db110           128 0 -1.00000 -1.00000   37    0    0  1  0    0    0    0  1  0   109    14716
db111           128 0 -1.00000 -1.00000   51    0    0  1  0    0    0    0  1  0   110    14852
db112           128 0 -1.00000 -1.00000   55    0    0  1  0    0    0    0  1  0   111    14988
db113           128 0 -1.00000 -1.00000   36    0    0  1  0    0    0    0  1  0   112    15124
db114           128 0 -1.00000 -1.00000   57    0    0  1  0    0    0    0  1  0   113    15260
db115           128 0 -1.00000 -1.00000   44    0    0  1  0    0    0    0  1  0   114    15396
db116           128 0 -1.00000 -1.00000   43    0    0  1  0    0    0    0  1  0   115    15532
db117           128 0 -1.00000 -1.00000   44    0    0  1  0    0    0    0  1  0   116    15668
db118           128 0 -1.00000 -1.00000   42    0    0  1  0    0    0    0  1  0   117    15804
db119           128 0 -1.00000 -1.00000   56    0    0  1  0    0    0    0  1  0   118    15940
db120           128 0 -1.00000 -1.00000   40    0    0  1  0    0    0    0  1  0   119    16076
db121           128 0 -1.00000 -1.00000   49    0    0  1  0    0    0    0  1  0   120    16212
db122           128 0 -1.00000 -1.00000   53    0    0  1  0    0    0    0  1  0   121    16348
db123           128 0 -1.00000 -1.00000   67    0    0  1  0    0    0    0  1  0   122    16484
db124           128 0 -1.00000 -1.00000   33    0    0  1  0    0    0    0  1  0   123    16620
db125           128 0 -1.00000 -1.00000   63    0    0  1  0    0    0    0  1  0   124    16756
db126           128 0 -1.00000 -1.00000   39    0    0  1  0    0    0    0  1  0   125    16892
db127           128 0 -1.00000 -1.00000   51    0    0  1  0    0    0    0  1  0   126    17028
db128           128 0 -1.00000 -1.00000   40    0    0  1  0    0    0    0  1  0   127    17164
db129           128 0 -1.00000 -1.00000   44    0    0  1  0    0    0    0  1  0   128    17300
db130           128 0 -1.00000 -1.00000   43    0    0  1  0    0    0    0  1  0   129    17436
db131           128 0 -1.00000 -1.00000   48    0    0  1  0    0    0    0  1  0   130    17572
db132           128 0 -1.00000 -1.00000   47    0    0  1  0    0    0    0  1  0   131    17708
db133           128 0 -1.00000 -1.00000   32    0    0  1  0    0    0    0  1  0   132    17844
db134           128 0 -1.00000 -1.00000   43    0    0  1  0    0    0    0  1  0   133    17980
db135           128 0 -1.00000 -1.00000   43    0    0  1  0    0    0    0  1  0   134    18116
db136           128 0 -1.00000 -1.00000   36    0    0  1  0    0    0    0  1  0   135    18252
db137           128 0 -1.00000 -1.00000   45    0    0  1  0    0    0    0  1  0   136    18388
db138           128 0 -1.00000 -1.00000   44    0    0  1  0    0    0    0  1  0   137    18524
db139           128 0 -1.00000 -1.00000   38    0    0  1  0    0    0    0  1  0   138    18660
db140           128 0 -1.00000 -1.00000   38    0    0  1  0    0    0    0  1  0   139    18796
db141           128 0 -1.00000 -1.00000   40    0    0  1  0    0    0    0  1  0   140    18932
db142           128 0 -1.00000 -1.00000   51    0    0  1  0    0    0    0  1  0   141    19068
db143           128 0 -1.00000 -1.00000   43    0    0  1  0    0    0    0  1  0   142    19204
db144           128 0 -1.00000 -1.00000   42    0    0  1  0    0    0    0  1  0   143    19340
db145           128 0 -1.00000 -1.00000   47    0    0  1  0    0    0    0  1  0   144    19476
db146           128 0 -1.00000 -1.00000   40    0    0  1  0    0    0    0  1  0   145    19612
db147           128 0 -1.00000 -1.00000   42    0    0  1  0    0    0    0  1  0   146    19748
db148           128 0 -1.00000 -1.00000   41    0    0  1  0    0    0    0  1  0   147    19884
db149           128 0 -1.00000 -1.00000   38    0    0  1  0    0    0    0  1  0   148    20020
db150           128 0 -1.00000 -1.00000   38    0    0  1  0    0    0    0  1  0   149    20156
db151           128 0 -1.00000 -1.00000   33    0    0  1  0    0    0    0  1  0   150    20292
db152           128 0 -1.00000 -1.00000   45    0    0  1  0    0    0    0  1  0   151    20428
db153           128 0 -1.00000 -1.00000   37    0    0  1  0    0    0    0  1  0   152    20564
db154           128 0 -1.00000 -1.00000   39    0    0  1  0    0    0    0  1  0   153    20700
db155           128 0 -1.00000 -1.00000   44    0    0  1  0    0    0    0  1  0   154    20836
db156           128 0 -1.00000 -1.00000   41    0    0  1  0    0    0    0  1  0   155    20972
db157           128 0 -1.00000 -1.00000   33    0    0  1  0    0    0    0  1  0   156    21108
db158           128 0 -1.00000 -1.00000   41    0    0  1  0    0    0    0  1  0   157    21244
db159           128 0 -1.00000 -1.00000   36    0    0  1  0    0    0    0  1  0   158    21380
db160           128 0 -1.00000 -1.00000   36    0    0  1  0    0    0    0  1  0   159    21516
db161           128 0 -1.00000 -1.00000   54    0    0  1  0    0    0    0  1  0   160    21652
db162           128 0 -1.00000 -1.00000   49    0    0  1  0    0    0    0  1  0   161    21788
db163           128 0 -1.00000 -1.00000   39    0    0  1  0    0    0    0  1  0   162    21924
db164           128 0 -1.00000 -1.00000   47    0    0  1  0    0    0    0  1  0   163    22060
db165           128 0 -1.00000 -1.00000   49    0    0  1  0    0    0    0  1  0   164    22196
db166           128 0 -1.00000 -1.00000   37    0    0  1  0    0    0    0  1  0   165    22332
db167           128 0 -1.00000 -1.00000   36    0    0  1  0    0    0    0  1  0   166    22468
db168           128 0 -1.00000 -1.00000   45    0    0  1  0    0    0    0  1  0   167    22604
db169           128 0 -1.00000 -1.00000   65    0    0  1  0    0    0    0  1  0   168    22740
db170           128 0 -1.00000 -1.00000   33    0    0  1  0    0    0    0  1  0   169    22876
db171           128 0 -1.00000 -1.00000   49    0    0  1  0    0    0    0  1  0   170    23012
db172           128 0 -1.00000 -1.00000   49    0    0  1  0    0    0    0  1  0   171    23148
db173           128 0 -1.00000 -1.00000   37    0    0  1  0    0    0    0  1  0   172    23284
db174           128 0 -1.00000 -1.00000   47    0    0  1  0    0    0    0  1  0   173    23420
db175           128 0 -1.00000 -1.00000   35    0    0  1  0    0    0    0  1  0   174    23556
db176           128 0 -1.00000 -1.00000   50    0    0  1  0    0    0    0  1  0   175    23692
db177           128 0 -1.00000 -1.00000   63    0    0  1  0    0    0    0  1  0   176    23828
db178           128 0 -1.00000 -1.00000   43    0    0  1  0    0    0    0  1  0   177    23964
db179           128 0 -1.00000 -1.00000   47    0    0  1  0    0    0    0  1  0   178    24100
db180           128 0 -1.00000 -1.00000   44    0    0  1  0    0    0    0  1  0   179    24236
db181           128 0 -1.00000 -1.00000   43    0    0  1  0    0    0    0  1  0   180    24372
db182           128 0 -1.00000 -1.00000   47    0    0  1  0    0    0    0  1  0   181    24508
db183           128 0 -1.00000 -1.00000   43    0    0  1  0    0    0    0  1  0   182    24644
db184           128 0 -1.00000 -1.00000   40    0    0  1  0    0    0    0  1  0   183    24780
db185           128 0 -1.00000 -1.00000   38    0    0  1  0    0    0    0  1  0   184    24916
db186           128 0 -1.00000 -1.00000   40    0    0  1  0    0    0    0  1  0   185    25052
db187           128 0 -1.00000 -1.00000   34    0    0  1  0    0    0    0  1  0   186    25188
db188           128 0 -1.00000 -1.00000   42    0    0  1  0    0    0    0  1  0   187    25324
db189           128 0 -1.00000 -1.00000   42    0    0  1  0    0    0    0  1  0   188    25460
db190           128 0 -1.00000 -1.00000   47    0    0  1  0    0    0    0  1  0   189    25596
db191           128 0 -1.00000 -1.00000   36    0    0  1  0    0    0    0  1  0   190    25732
db192           128 0 -1.00000 -1.00000   50    0    0  1  0    0    0    0  1  0   191    25868
db193           128 0 -1.00000 -1.00000   53    0    0  1  0    0    0    0  1  0   192    26004
db194           128 0 -1.00000 -1.00000   47    0    0  1  0    0    0    0  1  0   193    26140
db195           128 0 -1.00000 -1.00000   44    0    0  1  0    0    0    0  1  0   194    26276
db196           128 0 -1.00000 -1.00000   52    0    0  1  0    0    0    0  1  0   195    26412
db197           128 0 -1.00000 -1.00000   33    0    0  1  0    0    0    0  1  0   196    26548
db198           128 0 -1.00000 -1.00000   37    0    0  1  0    0    0    0  1  0   197    26684
db199           128 0 -1.00000 -1.00000   48    0    0  1  0    0    0    0  1  0   198    26820
db200           128 0 -1.00000 -1.00000   45    0    0  1  0    0    0    0  1  0   199    26956
db201           128 0 -1.00000 -1.00000   46    0    0  1  0    0    0    0  1  0   200    27092
db202           128 0 -1.00000 -1.00000   36    0    0  1  0    0    0    0  1  0   201    27228
db203           128 0 -1.00000 -1.00000   46    0    0  1  0    0    0    0  1  0   202    27364
db204           128 0 -1.00000 -1.00000   53    0    0  1  0    0    0    0  1  0   203    27500
db205           128 0 -1.00000 -1.00000   35    0    0  1  0    0    0    0  1  0   204    27636
db206           128 0 -1.00000 -1.00000   38    0    0  1  0    0    0    0  1  0   205    27772
db207           128 0 -1.00000 -1.00000   43    0    0  1  0    0    0    0  1  0   206    27908
db208           128 0 -1.00000 -1.00000   44    0    0  1  0    0    0    0  1  0   207    28044
db209           128 0 -1.00000 -1.00000   53    0    0  1  0    0    0    0  1  0   208    28180
db210           128 0 -1.00000 -1.00000   37    0    0  1  0    0    0    0  1  0   209    28316
db211           128 0 -1.00000 -1.00000   78    0    0  1  0    0    0    0  1  0   210    28452
db212           128 0 -1.00000 -1.00000   41    0    0  1  0    0    0    0  1  0   211    28588
db213           128 0 -1.00000 -1.00000   44    0    0  1  0    0    0    0  1  0   212    28724
db214           128 0 -1.00000 -1.00000   48    0    0  1  0    0    0    0  1  0   213    28860
db215           128 0 -1.00000 -1.00000   58    0    0  1  0    0    0    0  1  0   214    28996
db216           128 0 -1.00000 -1.00000   37    0    0  1  0    0    0    0  1  0   215    29132
db217           128 0 -1.00000 -1.00000   53    0    0  1  0    0    0    0  1  0   216    29268
db218           128 0 -1.00000 -1.00000   36    0    0  1  0    0    0    0  1  0   217    29404
db219           128 0 -1.00000 -1.00000   39    0    0  1  0    0    0    0  1  0   218    29540
db220           128 0 -1.00000 -1.00000   39    0    0  1  0    0    0    0  1  0   219    29676
db221           128 0 -1.00000 -1.00000   51    0    0  1  0    0    0    0  1  0   220    29812
db222           128 0 -1.00000 -1.00000   40    0    0  1  0    0    0    0  1  0   221    29948
db223           128 0 -1.00000 -1.00000   54    0    0  1  0    0    0    0  1  0   222    30084
db224           128 0 -1.00000 -1.00000   42    0    0  1  0    0    0    0  1  0   223    30220
db225           128 0 -1.00000 -1.00000   41    0    0  1  0    0    0    0  1  0   224    30356
db226           128 0 -1.00000 -1.00000   38    0    0  1  0    0    0    0  1  0   225    30492
db227           128 0 -1.00000 -1.00000   34    0    0  1  0    0    0    0  1  0   226    30628
db228           128 0 -1.00000 -1.00000   46    0    0  1  0    0    0    0  1  0   227    30764
db229           128 0 -1.00000 -1.00000   43    0    0  1  0    0    0    0  1  0   228    30900
db230           128 0 -1.00000 -1.00000   39    0    0  1  0    0    0    0  1  0   229    31036
db231           128 0 -1.00000 -1.00000   43    0    0  1  0    0    0    0  1  0   230    31172
db232           128 0 -1.00000 -1.00000   31    0    0  1  0    0    0    0  1  0   231    31308
db233           128 0 -1.00000 -1.00000   49    0    0  1  0    0    0    0  1  0   232    31444
db234           128 0 -1.00000 -1.00000   43    0    0  1  0    0    0    0  1  0   233    31580
db235           128 0 -1.00000 -1.00000   38    0    0  1  0    0    0    0  1  0   234    31716
db236           128 0 -1.00000 -1.00000   41    0    0  1  0    0    0    0  1  0   235    31852
db237           128 0 -1.00000 -1.00000   38    0    0  1  0    0    0    0  1  0   236    31988
db238           128 0 -1.00000 -1.00000   43    0    0  1  0    0    0    0  1  0   237    32124
db239           128 0 -1.00000 -1.00000   43    0    0  1  0    0    0    0  1  0   238    32260
db240           128 0 -1.00000 -1.00000   36    0    0  1  0    0    0    0  1  0   239    32396
db241           128 0 -1.00000 -1.00000   42    0    0  1  0    0    0    0  1  0   240    32532
db242           128 0 -1.00000 -1.00000   45    0    0  1  0    0    0    0  1  0   241    32668
db243           128 0 -1.00000 -1.00000   49    0    0  1  0    0    0    0  1  0   242    32804
db244           128 0 -1.00000 -1.00000   46    0    0  1  0    0    0    0  1  0   243    32940
db245           128 0 -1.00000 -1.00000   58    0    0  1  0    0    0    0  1  0   244    33076
db246           128 0 -1.00000 -1.00000   38    0    0  1  0    0    0    0  1  0   245    33212
db247           128 0 -1.00000 -1.00000   41    0    0  1  0    0    0    0  1  0   246    33348
db248           128 0 -1.00000 -1.00000   38    0    0  1  0    0    0    0  1  0   247    33484
db249           128 0 -1.00000 -1.00000   50    0    0  1  0    0    0    0  1  0   248    33620
db250           128 0 -1.00000 -1.00000   36    0    0  1  0    0    0    0  1  0   249    33756
db251           128 0 -1.00000 -1.00000   45    0    0  1  0    0    0    0  1  0   250    33892
db252           128 0 -1.00000 -1.00000   39    0    0  1  0    0    0    0  1  0   251    34028
db253           128 0 -1.00000 -1.00000   37    0    0  1  0    0    0    0  1  0   252    34164
db254           128 0 -1.00000 -1.00000   36    0    0  1  0    0    0    0  1  0   253    34300
db255           128 0 -1.00000 -1.00000   43    0    0  1  0    0    0    0  1  0   254    34436
db256           128 0 -1.00000 -1.00000   39    0    0  1  0    0    0    0  1  0   255    34572
db257           128 0 -1.00000 -1.00000   38    0    0  1  0    0    0    0  1  0   256    34708
db258           128 0 -1.00000 -1.00000   40    0    0  1  0    0    0    0  1  0   257    34844
db259           128 0 -1.00000 -1.00000   44    0    0  1  0    0    0    0  1  0   258    34980
db260           128 0 -1.00000 -1.00000   35    0    0  1  0    0    0    0  1  0   259    35116
db261           128 0 -1.00000 -1.00000   41    0    0  1  0    0    0    0  1  0   260    35252
db262           128 0 -1.00000 -1.00000   43    0    0  1  0    0    0    0  1  0   261    35388
db263           128 0 -1.00000 -1.00000   69    0    0  1  0    0    0    0  1  0   262    35524
db264           128 0 -1.00000 -1.00000   48    0    0  1  0    0    0    0  1  0   263    35660
db265           128 0 -1.00000 -1.00000   55    0    0  1  0    0    0    0  1  0   264    35796
db266           128 0 -1.00000 -1.00000   38    0    0  1  0    0    0    0  1  0   265    35932
db267           128 0 -1.00000 -1.00000   40    0    0  1  0    0    0    0  1  0   266    36068
db268           128 0 -1.00000 -1.00000   52    0    0  1  0    0    0    0  1  0   267    36204
db269           128 0 -1.00000 -1.00000   40    0    0  1  0    0    0    0  1  0   268    36340
db270           128 0 -1.00000 -1.00000   38    0    0  1  0    0    0    0  1  0   269    36476
db271           128 0 -1.00000 -1.00000   46    0    0  1  0    0    0    0  1  0   270    36612
db272           128 0 -1.00000 -1.00000   51    0    0  1  0    0    0    0  1  0   271    36748
db273           128 0 -1.00000 -1.00000   56    0    0  1  0    0    0    0  1  0   272    36884
db274           128 0 -1.00000 -1.00000   45    0    0  1  0    0    0    0  1  0   273    37020
db275           128 0 -1.00000 -1.00000   46    0    0  1  0    0    0    0  1  0   274    37156
db276           128 0 -1.00000 -1.00000   37    0    0  1  0    0    0    0  1  0   275    37292
db277           128 0 -1.00000 -1.00000   41    0    0  1  0    0    0    0  1  0   276    37428
db278           128 0 -1.00000 -1.00000   69    0    0  1  0    0    0    0  1  0   277    37564
db279           128 0 -1.00000 -1.00000   41    0    0  1  0    0    0    0  1  0   278    37700
db280           128 0 -1.00000 -1.00000   46    0    0  1  0    0    0    0  1  0   279    37836
db281           128 0 -1.00000 -1.00000   40    0    0  1  0    0    0    0  1  0   280    37972
db282           128 0 -1.00000 -1.00000   32    0    0  1  0    0    0    0  1  0   281    38108
db283           128 0 -1.00000 -1.00000   47    0    0  1  0    0    0    0  1  0   282    38244
db284           128 0 -1.00000 -1.00000   45    0    0  1  0    0    0    0  1  0   283    38380
db285           128 0 -1.00000 -1.00000   44    0    0  1  0    0    0    0  1  0   284    38516
db286           128 0 -1.00000 -1.00000   44    0    0  1  0    0    0    0  1  0   285    38652
db287           128 0 -1.00000 -1.00000   47    0    0  1  0    0    0    0  1  0   286    38788
db288           128 0 -1.00000 -1.00000   43    0    0  1  0    0    0    0  1  0   287    38924
db289           128 0 -1.00000 -1.00000   48    0    0  1  0    0    0    0  1  0   288    39060
db290           128 0 -1.00000 -1.00000   42    0    0  1  0    0    0    0  1  0   289    39196
db291           128 0 -1.00000 -1.00000   53    0    0  1  0    0    0    0  1  0   290    39332
db292           128 0 -1.00000 -1.00000   53    0    0  1  0    0    0    0  1  0   291    39468
db293           128 0 -1.00000 -1.00000   42    0    0  1  0    0    0    0  1  0   292    39604
db294           128 0 -1.00000 -1.00000   43    0    0  1  0    0    0    0  1  0   293    39740
db295           128 0 -1.00000 -1.00000   54    0    0  1  0    0    0    0  1  0   294    39876
db296           128 0 -1.00000 -1.00000   39    0    0  1  0    0    0    0  1  0   295    40012
db297           128 0 -1.00000 -1.00000   46    0    0  1  0    0    0    0  1  0   296    40148
db298           128 0 -1.00000 -1.00000   50    0    0  1  0    0    0    0  1  0   297    40284
db299           128 0 -1.00000 -1.00000   37    0    0  1  0    0    0    0  1  0   298    40420
db300           128 0 -1.00000 -1.00000   46    0    0  1  0    0    0    0  1  0   299    40556
db301           128 0 -1.00000 -1.00000   51    0    0  1  0    0    0    0  1  0   300    40692
db302           128 0 -1.00000 -1.00000   48    0    0  1  0    0    0    0  1  0   301    40828
db303           128 0 -1.00000 -1.00000   47    0    0  1  0    0    0    0  1  0   302    40964
db304           128 0 -1.00000 -1.00000   37    0    0  1  0    0    0    0  1  0   303    41100
db305           128 0 -1.00000 -1.00000   38    0    0  1  0    0    0    0  1  0   304    41236
db306           128 0 -1.00000 -1.00000   42    0    0  1  0    0    0    0  1  0   305    41372
db307           128 0 -1.00000 -1.00000   42    0    0  1  0    0    0    0  1  0   306    41508
db308           128 0 -1.00000 -1.00000   40    0    0  1  0    0    0    0  1  0   307    41644
db309           128 0 -1.00000 -1.00000   50    0    0  1  0    0    0    0  1  0   308    41780
db310           128 0 -1.00000 -1.00000   37    0    0  1  0    0    0    0  1  0   309    41916
db311           128 0 -1.00000 -1.00000   37    0    0  1  0    0    0    0  1  0   310    42052
db312           128 0 -1.00000 -1.00000   62    0    0  1  0    0    0    0  1  0   311    42188
db313           128 0 -1.00000 -1.00000   33    0    0  1  0    0    0    0  1  0   312    42324
db314           128 0 -1.00000 -1.00000   52    0    0  1  0    0    0    0  1  0   313    42460
db315           128 0 -1.00000 -1.00000   37    0    0  1  0    0    0    0  1  0   314    42596
db316           128 0 -1.00000 -1.00000   41    0    0  1  0    0    0    0  1  0   315    42732
db317           128 0 -1.00000 -1.00000   45    0    0  1  0    0    0    0  1  0   316    42868
db318           128 0 -1.00000 -1.00000   36    0    0  1  0    0    0    0  1  0   317    43004
db319           128 0 -1.00000 -1.00000   49    0    0  1  0    0    0    0  1  0   318    43140
db320           128 0 -1.00000 -1.00000   47    0    0  1  0    0    0    0  1  0   319    43276
db321           128 0 -1.00000 -1.00000   45    0    0  1  0    0    0    0  1  0   320    43412
db322           128 0 -1.00000 -1.00000   50    0    0  1  0    0    0    0  1  0   321    43548
db323           128 0 -1.00000 -1.00000   42    0    0  1  0    0    0    0  1  0   322    43684
db324           128 0 -1.00000 -1.00000   38    0    0  1  0    0    0    0  1  0   323    43820
db325           128 0 -1.00000 -1.00000   44    0    0  1  0    0    0    0  1  0   324    43956
db326           128 0 -1.00000 -1.00000   40    0    0  1  0    0    0    0  1  0   325    44092
db327           128 0 -1.00000 -1.00000   39    0    0  1  0    0    0    0  1  0   326    44228
db328           128 0 -1.00000 -1.00000   51    0    0  1  0    0    0    0  1  0   327    44364
db329           128 0 -1.00000 -1.00000   42    0    0  1  0    0    0    0  1  0   328    44500
db330           128 0 -1.00000 -1.00000   39    0    0  1  0    0    0    0  1  0   329    44636
db331           128 0 -1.00000 -1.00000   43    0    0  1  0    0    0    0  1  0   330    44772
db332           128 0 -1.00000 -1.00000   47    0    0  1  0    0    0    0  1  0   331    44908
db333           128 0 -1.00000 -1.00000   43    0    0  1  0    0    0    0  1  0   332    45044
db334           128 0 -1.00000 -1.00000   33    0    0  1  0    0    0    0  1  0   333    45180
db335           128 0 -1.00000 -1.00000   40    0    0  1  0    0    0    0  1  0   334    45316
db336           128 0 -1.00000 -1.00000   50    0    0  1  0    0    0    0  1  0   335    45452
db337           128 0 -1.00000 -1.00000   45    0    0  1  0    0    0    0  1  0   336    45588
db338           128 0 -1.00000 -1.00000   42    0    0  1  0    0    0    0  1  0   337    45724
db339           128 0 -1.00000 -1.00000   64    0    0  1  0    0    0    0  1  0   338    45860
db340           128 0 -1.00000 -1.00000   41    0    0  1  0    0    0    0  1  0   339    45996
db341           128 0 -1.00000 -1.00000   55    0    0  1  0    0    0    0  1  0   340    46132
db342           128 0 -1.00000 -1.00000   51    0    0  1  0    0    0    0  1  0   341    46268
db343           128 0 -1.00000 -1.00000   48    0    0  1  0    0    0    0  1  0   342    46404
db344           128 0 -1.00000 -1.00000   41    0    0  1  0    0    0    0  1  0   343    46540
db345           128 0 -1.00000 -1.00000   41    0    0  1  0    0    0    0  1  0   344    46676
db346           128 0 -1.00000 -1.00000   46    0    0  1  0    0    0    0  1  0   345    46812
db347           128 0 -1.00000 -1.00000   39    0    0  1  0    0    0    0  1  0   346    46948
db348           128 0 -1.00000 -1.00000   41    0    0  1  0    0    0    0  1  0   347    47084
db349           128 0 -1.00000 -1.00000   51    0    0  1  0    0    0    0  1  0   348    47220
db350           128 0 -1.00000 -1.00000   47    0    0  1  0    0    0    0  1  0   349    47356
db351           128 0 -1.00000 -1.00000   37    0    0  1  0    0    0    0  1  0   350    47492
db352           128 0 -1.00000 -1.00000   44    0    0  1  0    0    0    0  1  0   351    47628
db353           128 0 -1.00000 -1.00000   41    0    0  1  0    0    0    0  1  0   352    47764
db354           128 0 -1.00000 -1.00000   37    0    0  1  0    0    0    0  1  0   353    47900
db355           128 0 -1.00000 -1.00000   40    0    0  1  0    0    0    0  1  0   354    48036
db356           128 0 -1.00000 -1.00000   38    0    0  1  0    0    0    0  1  0   355    48172
db357           128 0 -1.00000 -1.00000   42    0    0  1  0    0    0    0  1  0   356    48308
db358           128 0 -1.00000 -1.00000   44    0    0  1  0    0    0    0  1  0   357    48444
db359           128 0 -1.00000 -1.00000   44    0    0  1  0    0    0    0  1  0   358    48580
db360           128 0 -1.00000 -1.00000   42    0    0  1  0    0    0    0  1  0   359    48716
db361           128 0 -1.00000 -1.00000   43    0    0  1  0    0    0    0  1  0   360    48852
db362           128 0 -1.00000 -1.00000   50    0    0  1  0    0    0    0  1  0   361    48988
db363           128 0 -1.00000 -1.00000   50    0    0  1  0    0    0    0  1  0   362    49124
db364           128 0 -1.00000 -1.00000   52    0    0  1  0    0    0    0  1  0   363    49260
db365           128 0 -1.00000 -1.00000   41    0    0  1  0    0    0    0  1  0   364    49396
db366           128 0 -1.00000 -1.00000   47    0    0  1  0    0    0    0  1  0   365    49532
db367           128 0 -1.00000 -1.00000   43    0    0  1  0    0    0    0  1  0   366    49668
db368           128 0 -1.00000 -1.00000   36    0    0  1  0    0    0    0  1  0   367    49804
db369           128 0 -1.00000 -1.00000   45    0    0  1  0    0    0    0  1  0   368    49940
db370           128 0 -1.00000 -1.00000   48    0    0  1  0    0    0    0  1  0   369    50076
db371           128 0 -1.00000 -1.00000   40    0    0  1  0    0    0    0  1  0   370    50212
db372           128 0 -1.00000 -1.00000   37    0    0  1  0    0    0    0  1  0   371    50348
db373           128 0 -1.00000 -1.00000   36    0    0  1  0    0    0    0  1  0   372    50484
db374           128 0 -1.00000 -1.00000   49    0    0  1  0    0    0    0  1  0   373    50620
db375           128 0 -1.00000 -1.00000   42    0    0  1  0    0    0    0  1  0   374    50756
db376           128 0 -1.00000 -1.00000   46    0    0  1  0    0    0    0  1  0   375    50892
db377           128 0 -1.00000 -1.00000   38    0    0  1  0    0    0    0  1  0   376    51028
db378           128 0 -1.00000 -1.00000   52    0    0  1  0    0    0    0  1  0   377    51164
db379           128 0 -1.00000 -1.00000   36    0    0  1  0    0    0    0  1  0   378    51300
db380           128 0 -1.00000 -1.00000   50    0    0  1  0    0    0    0  1  0   379    51436
db381           128 0 -1.00000 -1.00000   47    0    0  1  0    0    0    0  1  0   380    51572
db382           128 0 -1.00000 -1.00000   47    0    0  1  0    0    0    0  1  0   381    51708
db383           128 0 -1.00000 -1.00000   35    0    0  1  0    0    0    0  1  0   382    51844
db384           128 0 -1.00000 -1.00000   51    0    0  1  0    0    0    0  1  0   383    51980
db385           128 0 -1.00000 -1.00000   57    0    0  1  0    0    0    0  1  0   384    52116
db386           128 0 -1.00000 -1.00000   49    0    0  1  0    0    0    0  1  0   385    52252
db387           128 0 -1.00000 -1.00000   52    0    0  1  0    0    0    0  1  0   386    52388
db388           128 0 -1.00000 -1.00000   48    0    0  1  0    0    0    0  1  0   387    52524
db389           128 0 -1.00000 -1.00000   36    0    0  1  0    0    0    0  1  0   388    52660
db390           128 0 -1.00000 -1.00000   43    0    0  1  0    0    0    0  1  0   389    52796
db391           128 0 -1.00000 -1.00000   52    0    0  1  0    0    0    0  1  0   390    52932
db392           128 0 -1.00000 -1.00000   41    0    0  1  0    0    0    0  1  0   391    53068
db393           128 0 -1.00000 -1.00000   49    0    0  1  0    0    0    0  1  0   392    53204
db394           128 0 -1.00000 -1.00000   50    0    0  1  0    0    0    0  1  0   393    53340
db395           128 0 -1.00000 -1.00000   41    0    0  1  0    0    0    0  1  0   394    53476
db396           128 0 -1.00000 -1.00000   40    0    0  1  0    0    0    0  1  0   395    53612
db397           128 0 -1.00000 -1.00000   42    0    0  1  0    0    0    0  1  0   396    53748
db398           128 0 -1.00000 -1.00000   37    0    0  1  0    0    0    0  1  0   397    53884
db399           128 0 -1.00000 -1.00000   50    0    0  1  0    0    0    0  1  0   398    54020
db400           128 0 -1.00000 -1.00000   51    0    0  1  0    0    0    0  1  0   399    54156
db401           128 0 -1.00000 -1.00000   35    0    0  1  0    0    0    0  1  0   400    54292
db402           128 0 -1.00000 -1.00000   41    0    0  1  0    0    0    0  1  0   401    54428
db403           128 0 -1.00000 -1.00000   38    0    0  1  0    0    0    0  1  0   402    54564
db404           128 0 -1.00000 -1.00000   41    0    0  1  0    0    0    0  1  0   403    54700
db405           128 0 -1.00000 -1.00000   52    0    0  1  0    0    0    0  1  0   404    54836
db406           128 0 -1.00000 -1.00000   40    0    0  1  0    0    0    0  1  0   405    54972
db407           128 0 -1.00000 -1.00000   33    0    0  1  0    0    0    0  1  0   406    55108
db408           128 0 -1.00000 -1.00000   42    0    0  1  0    0    0    0  1  0   407    55244
db409           128 0 -1.00000 -1.00000   39    0    0  1  0    0    0    0  1  0   408    55380
db410           128 0 -1.00000 -1.00000   39    0    0  1  0    0    0    0  1  0   409    55516
db411           128 0 -1.00000 -1.00000   43    0    0  1  0    0    0    0  1  0   410    55652
db412           128 0 -1.00000 -1.00000   39    0    0  1  0    0    0    0  1  0   411    55788
db413           128 0 -1.00000 -1.00000   39    0    0  1  0    0    0    0  1  0   412    55924
db414           128 0 -1.00000 -1.00000   38    0    0  1  0    0    0    0  1  0   413    56060
db415           128 0 -1.00000 -1.00000   42    0    0  1  0    0    0    0  1  0   414    56196
db416           128 0 -1.00000 -1.00000   58    0    0  1  0    0    0    0  1  0   415    56332
db417           128 0 -1.00000 -1.00000   37    0    0  1  0    0    0    0  1  0   416    56468
db418           128 0 -1.00000 -1.00000   41    0    0  1  0    0    0    0  1  0   417    56604
db419           128 0 -1.00000 -1.00000   69    0    0  1  0    0    0    0  1  0   418    56740
db420           128 0 -1.00000 -1.00000   39    0    0  1  0    0    0    0  1  0   419    56876
db421           128 0 -1.00000 -1.00000   45    0    0  1  0    0    0    0  1  0   420    57012
db422           128 0 -1.00000 -1.00000   35    0    0  1  0    0    0    0  1  0   421    57148
db423           128 0 -1.00000 -1.00000   42    0    0  1  0    0    0    0  1  0   422    57284
db424           128 0 -1.00000 -1.00000   54    0    0  1  0    0    0    0  1  0   423    57420
db425           128 0 -1.00000 -1.00000   46    0    0  1  0    0    0    0  1  0   424    57556
db426           128 0 -1.00000 -1.00000   60    0    0  1  0    0    0    0  1  0   425    57692
db427           128 0 -1.00000 -1.00000   38    0    0  1  0    0    0    0  1  0   426    57828
db428           128 0 -1.00000 -1.00000   72    0    0  1  0    0    0    0  1  0   427    57964
db429           128 0 -1.00000 -1.00000   42    0    0  1  0    0    0    0  1  0   428    58100
db430           128 0 -1.00000 -1.00000   58    0    0  1  0    0    0    0  1  0   429    58236
db431           128 0 -1.00000 -1.00000   47    0    0  1  0    0    0    0  1  0   430    58372
db432           128 0 -1.00000 -1.00000   44    0    0  1  0    0    0    0  1  0   431    58508
db433           128 0 -1.00000 -1.00000   40    0    0  1  0    0    0    0  1  0   432    58644
db434           128 0 -1.00000 -1.00000   37    0    0  1  0    0    0    0  1  0   433    58780
db435           128 0 -1.00000 -1.00000   45    0    0  1  0    0    0    0  1  0   434    58916
db436           128 0 -1.00000 -1.00000   57    0    0  1  0    0    0    0  1  0   435    59052
db437           128 0 -1.00000 -1.00000   36    0    0  1  0    0    0    0  1  0   436    59188
db438           128 0 -1.00000 -1.00000   46    0    0  1  0    0    0    0  1  0   437    59324
db439           128 0 -1.00000 -1.00000   44    0    0  1  0    0    0    0  1  0   438    59460
db440           128 0 -1.00000 -1.00000   37    0    0  1  0    0    0    0  1  0   439    59596
db441           128 0 -1.00000 -1.00000   47    0    0  1  0    0    0    0  1  0   440    59732
db442           128 0 -1.00000 -1.00000   42    0    0  1  0    0    0    0  1  0   441    59868
db443           128 0 -1.00000 -1.00000   40    0    0  1  0    0    0    0  1  0   442    60004
db444           128 0 -1.00000 -1.00000   40    0    0  1  0    0    0    0  1  0   443    60140
db445           128 0 -1.00000 -1.00000   54    0    0  1  0    0    0    0  1  0   444    60276
db446           128 0 -1.00000 -1.00000   42    0    0  1  0    0    0    0  1  0   445    60412
db447           128 0 -1.00000 -1.00000   51    0    0  1  0    0    0    0  1  0   446    60548
db448           128 0 -1.00000 -1.00000   49    0    0  1  0    0    0    0  1  0   447    60684
db449           128 0 -1.00000 -1.00000   39    0    0  1  0    0    0    0  1  0   448    60820
db450           128 0 -1.00000 -1.00000   45    0    0  1  0    0    0    0  1  0   449    60956
db451           128 0 -1.00000 -1.00000   41    0    0  1  0    0    0    0  1  0   450    61092
db452           128 0 -1.00000 -1.00000   48    0    0  1  0    0    0    0  1  0   451    61228
db453           128 0 -1.00000 -1.00000   40    0    0  1  0    0    0    0  1  0   452    61364
db454           128 0 -1.00000 -1.00000   70    0    0  1  0    0    0    0  1  0   453    61500
db455           128 0 -1.00000 -1.00000   46    0    0  1  0    0    0    0  1  0   454    61636
db456           128 0 -1.00000 -1.00000   47    0    0  1  0    0    0    0  1  0   455    61772
db457           128 0 -1.00000 -1.00000   51    0    0  1  0    0    0    0  1  0   456    61908
db458           128 0 -1.00000 -1.00000   41    0    0  1  0    0    0    0  1  0   457    62044
db459           128 0 -1.00000 -1.00000   47    0    0  1  0    0    0    0  1  0   458    62180
db460           128 0 -1.00000 -1.00000   38    0    0  1  0    0    0    0  1  0   459    62316
db461           128 0 -1.00000 -1.00000   40    0    0  1  0    0    0    0  1  0   460    62452
db462           128 0 -1.00000 -1.00000   35    0    0  1  0    0    0    0  1  0   461    62588
db463           128 0 -1.00000 -1.00000   49    0    0  1  0    0    0    0  1  0   462    62724
db464           128 0 -1.00000 -1.00000   40    0    0  1  0    0    0    0  1  0   463    62860
db465           128 0 -1.00000 -1.00000   67    0    0  1  0    0    0    0  1  0   464    62996
db466           128 0 -1.00000 -1.00000   39    0    0  1  0    0    0    0  1  0   465    63132
db467           128 0 -1.00000 -1.00000   53    0    0  1  0    0    0    0  1  0   466    63268
db468           128 0 -1.00000 -1.00000   60    0    0  1  0    0    0    0  1  0   467    63404
db469           128 0 -1.00000 -1.00000   43    0    0  1  0    0    0    0  1  0   468    63540
db470           128 0 -1.00000 -1.00000   47    0    0  1  0    0    0    0  1  0   469    63676
db471           128 0 -1.00000 -1.00000   60    0    0  1  0    0    0    0  1  0   470    63812
db472           128 0 -1.00000 -1.00000   43    0    0  1  0    0    0    0  1  0   471    63948
db473           128 0 -1.00000 -1.00000   40    0    0  1  0    0    0    0  1  0   472    64084
db474           128 0 -1.00000 -1.00000   36    0    0  1  0    0    0    0  1  0   473    64220
db475           128 0 -1.00000 -1.00000   56    0    0  1  0    0    0    0  1  0   474    64356
db476           128 0 -1.00000 -1.00000   52    0    0  1  0    0    0    0  1  0   475    64492
db477           128 0 -1.00000 -1.00000   53    0    0  1  0    0    0    0  1  0   476    64628
db478           128 0 -1.00000 -1.00000   34    0    0  1  0    0    0    0  1  0   477    64764
db479           128 0 -1.00000 -1.00000   41    0    0  1  0    0    0    0  1  0   478    64900
db480           128 0 -1.00000 -1.00000   36    0    0  1  0    0    0    0  1  0   479    65036
db481           128 0 -1.00000 -1.00000   35    0    0  1  0    0    0    0  1  0   480    65172
db482           128 0 -1.00000 -1.00000   41    0    0  1  0    0    0    0  1  0   481    65308
db483           128 0 -1.00000 -1.00000   46    0    0  1  0    0    0    0  1  0   482    65444
db484           128 0 -1.00000 -1.00000   38    0    0  1  0    0    0    0  1  0   483    65580
db485           128 0 -1.00000 -1.00000   48    0    0  1  0    0    0    0  1  0   484    65716
db486           128 0 -1.00000 -1.00000   44    0    0  1  0    0    0    0  1  0   485    65852
db487           128 0 -1.00000 -1.00000   39    0    0  1  0    0    0    0  1  0   486    65988
db488           128 0 -1.00000 -1.00000   51    0    0  1  0    0    0    0  1  0   487    66124
db489           128 0 -1.00000 -1.00000   50    0    0  1  0    0    0    0  1  0   488    66260
db490           128 0 -1.00000 -1.00000   47    0    0  1  0    0    0    0  1  0   489    66396
db491           128 0 -1.00000 -1.00000   38    0    0  1  0    0    0    0  1  0   490    66532
db492           128 0 -1.00000 -1.00000   42    0    0  1  0    0    0    0  1  0   491    66668
db493           128 0 -1.00000 -1.00000   36    0    0  1  0    0    0    0  1  0   492    66804
db494           128 0 -1.00000 -1.00000   43    0    0  1  0    0    0    0  1  0   493    66940
db495           128 0 -1.00000 -1.00000   43    0    0  1  0    0    0    0  1  0   494    67076
db496           128 0 -1.00000 -1.00000   52    0    0  1  0    0    0    0  1  0   495    67212
db497           128 0 -1.00000 -1.00000   38    0    0  1  0    0    0    0  1  0   496    67348
db498           128 0 -1.00000 -1.00000   47    0    0  1  0    0    0    0  1  0   497    67484
db499           128 0 -1.00000 -1.00000   43    0    0  1  0    0    0    0  1  0   498    67620
#Algorithm : Smith-Waterman (SSE2, Michael Farrar 2006) (7.2 Nov 2010)
#Parameters : +5/-4 matrix (5:-4), open/ext: -12/-4
#Query:   0>>>query - 128 nt                                    
#Stat: zsflag: 2
#Stat: ngLambda: 0.191528; ngK: 0.172925; ngH: 0.356724
#Stat: ag_stat_str: {
#Stat: K: 0.129339; Lambda: 0.18404; a_n0f: 0; a_n0: 128 }
