                      
db1              128 0 -1.00000 -1.00000   51    0    0  1  0    0    0    0  1  0     0        0
db2              128 0 -1.00000 -1.00000   37    0    0  1  0    0    0    0  1  0     1      136
db3              128 0 -1.00000 -1.00000   42    0    0  1  0    0    0    0  1  0     2      272
db4              128 0 -1.00000 -1.00000   40    0    0  1  0    0    0    0  1  0     3      408
db5              128 0 -1.00000 -1.00000   42    0    0  1  0    0    0    0  1  0     4      544
db6              128 0 -1.00000 -1.00000   37    0    0  1  0    0    0    0  1  0     5      680
db7              128 0 -1.00000 -1.00000   33    0    0  1  0    0    0    0  1  0     6      816
db8              128 0 -1.00000 -1.00000   41    0    0  1  0    0    0    0  1  0     7      952
db9              128 0 -1.00000 -1.00000   44    0    0  1  0    0    0    0  1  0     8     1088
db10            128 0 -1.00000 -1.00000   48    0    0  1  0    0    0    0  1  0     9     1224
db11            128 0 -1.00000 -1.00000   50    0    0  1  0    0    0    0  1  0    10     1361
db12            128 0 -1.00000 -1.00000   40    0    0  1  0    0    0    0  1  0    11     1498
db13            128 0 -1.00000 -1.00000   43    0    0  1  0    0    0    0  1  0    12     1635
db14            128 0 -1.00000 -1.00000   42    0    0  1  0    0    0    0  1  0    13     1772
db15            128 0 -1.00000 -1.00000   37    0    0  1  0    0    0    0  1  0    14     1909
db16            128 0 -1.00000 -1.00000   43    0    0  1  0    0    0    0  1  0    15     2046
db17            128 0 -1.00000 -1.00000   37    0    0  1  0    0    0    0  1  0    16     2183
db18            128 0 -1.00000 -1.00000   45    0    0  1  0    0    0    0  1  0    17     2320
db19            128 0 -1.00000 -1.00000   39    0    0  1  0    0    0    0  1  0    18     2457
db20            128 0 -1.00000 -1.00000   39    0    0  1  0    0    0    0  1  0    19     2594
db21            128 0 -1.00000 -1.00000   47    0    0  1  0    0    0    0  1  0    20     2731
db22            128 0 -1.00000 -1.00000   43    0    0  1  0    0    0    0  1  0    21     2868
db23            128 0 -1.00000 -1.00000   36    0    0  1  0    0    0    0  1  0    22     3005
db24            128 0 -1.00000 -1.00000   49    0    0  1  0    0    0    0  1  0    23     3142
db25            128 0 -1.00000 -1.00000   38    0    0  1  0    0    0    0  1  0    24     3279
db26            128 0 -1.00000 -1.00000   40    0    0  1  0    0    0    0  1  0    25     3416
db27            128 0 -1.00000 -1.00000   50    0    0  1  0    0    0    0  1  0    26     3553
db28            128 0 -1.00000 -1.00000   46    0    0  1  0    0    0    0  1  0    27     3690
db29            128 0 -1.00000 -1.00000   36    0    0  1  0    0    0    0  1  0    28     3827
db30            128 0 -1.00000 -1.00000   51    0    0  1  0    0    0    0  1  0    29     3964
db31            128 0 -1.00000 -1.00000   52    0    0  1  0    0    0    0  1  0    30     4101
db32            128 0 -1.00000 -1.00000   42    0    0  1  0    0    0    0  1  0    31     4238
db33            128 0 -1.00000 -1.00000   36    0    0  1  0    0    0    0  1  0    32     4375
db34            128 0 -1.00000 -1.00000   51    0    0  1  0    0    0    0  1  0    33     4512
db35            128 0 -1.00000 -1.00000   37    0    0  1  0    0    0    0  1  0    34     4649
db36            128 0 -1.00000 -1.00000   59    0    0  1  0    0    0    0  1  0    35     4786
db37            128 0 -1.00000 -1.00000   51    0    0  1  0    0    0    0  1  0    36     4923
db38            128 0 -1.00000 -1.00000   46    0    0  1  0    0    0    0  1  0    37     5060
db39            128 0 -1.00000 -1.00000   44    0    0  1  0    0    0    0  1  0    38     5197
db40            128 0 -1.00000 -1.00000   67    0    0  1  0    0    0    0  1  0    39     5334
db41            128 0 -1.00000 -1.00000   58    0    0  1  0    0    0    0  1  0    40     5471
db42            128 0 -1.00000 -1.00000   43    0    0  1  0    0    0    0  1  0    41     5608
db43            128 0 -1.00000 -1.00000   46    0    0  1  0    0    0    0  1  0    42     5745
db44            128 0 -1.00000 -1.00000   45    0    0  1  0    0    0    0  1  0    43     5882
db45            128 0 -1.00000 -1.00000   36    0    0  1  0    0    0    0  1  0    44     6019
db46            128 0 -1.00000 -1.00000   44    0    0  1  0    0    0    0  1  0    45     6156
db47            128 0 -1.00000 -1.00000   40    0    0  1  0    0    0    0  1  0    46     6293
db48            128 0 -1.00000 -1.00000   36    0    0  1  0    0    0    0  1  0    47     6430
db49            128 0 -1.00000 -1.00000   56    0    0  1  0    0    0    0  1  0    48     6567
db50            128 0 -1.00000 -1.00000   43    0    0  1  0    0    0    0  1  0    49     6704
db51            128 0 -1.00000 -1.00000   39    0    0  1  0    0    0    0  1  0    50     6841
db52            128 0 -1.00000 -1.00000   44    0    0  1  0    0    0    0  1  0    51     6978
db53            128 0 -1.00000 -1.00000   44    0    0  1  0    0    0    0  1  0    52     7115
db54            128 0 -1.00000 -1.00000   50    0    0  1  0    0    0    0  1  0    53     7252
db55            128 0 -1.00000 -1.00000   57    0    0  1  0    0    0    0  1  0    54     7389
db56            128 0 -1.00000 -1.00000   69    0    0  1  0    0    0    0  1  0    55     7526
db57            128 0 -1.00000 -1.00000   45    0    0  1  0    0    0    0  1  0    56     7663
db58            128 0 -1.00000 -1.00000   51    0    0  1  0    0    0    0  1  0    57     7800
db59            128 0 -1.00000 -1.00000   39    0    0  1  0    0    0    0  1  0    58     7937
db60            128 0 -1.00000 -1.00000   41    0    0  1  0    0    0    0  1  0    59     8074
db61            128 0 -1.00000 -1.00000   36    0    0  1  0    0    0    0  1  0    60     8211
db62            128 0 -1.00000 -1.00000   44    0    0  1  0    0    0    0  1  0    61     8348
db63            128 0 -1.00000 -1.00000   44    0    0  1  0    0    0    0  1  0    62     8485
db64            128 0 -1.00000 -1.00000   51    0    0  1  0    0    0    0  1  0    63     8622
db65            128 0 -1.00000 -1.00000   41    0    0  1  0    0    0    0  1  0    64     8759
db66            128 0 -1.00000 -1.00000   51    0    0  1  0    0    0    0  1  0    65     8896
db67            128 0 -1.00000 -1.00000   43    0    0  1  0    0    0    0  1  0    66     9033
db68            128 0 -1.00000 -1.00000   48    0    0  1  0    0    0    0  1  0    67     9170
db69            128 0 -1.00000 -1.00000   45    0    0  1  0    0    0    0  1  0    68     9307
db70            128 0 -1.00000 -1.00000   53    0    0  1  0    0    0    0  1  0    69     9444
db71            128 0 -1.00000 -1.00000   42    0    0  1  0    0    0    0  1  0    70     9581
db72            128 0 -1.00000 -1.00000   54    0    0  1  0    0    0    0  1  0    71     9718
db73            128 0 -1.00000 -1.00000   39    0    0  1  0    0    0    0  1  0    72     9855
db74            128 0 -1.00000 -1.00000   47    0    0  1  0    0    0    0  1  0    73     9992
db75            128 0 -1.00000 -1.00000   46    0    0  1  0    0    0    0  1  0    74    10129
db76            128 0 -1.00000 -1.00000   39    0    0  1  0    0    0    0  1  0    75    10266
db77            128 0 -1.00000 -1.00000   57    0    0  1  0    0    0    0  1  0    76    10403
db78            128 0 -1.00000 -1.00000   40    0    0  1  0    0    0    0  1  0    77    10540
db79            128 0 -1.00000 -1.00000   37    0    0  1  0    0    0    0  1  0    78    10677
db80            128 0 -1.00000 -1.00000   46    0    0  1  0    0    0    0  1  0    79    10814
db81            128 0 -1.00000 -1.00000   44    0    0  1  0    0    0    0  1  0    80    10951
db82            128 0 -1.00000 -1.00000   44    0    0  1  0    0    0    0  1  0    81    11088
db83            128 0 -1.00000 -1.00000   38    0    0  1  0    0    0    0  1  0    82    11225
db84            128 0 -1.00000 -1.00000   41    0    0  1  0    0    0    0  1  0    83    11362
db85            128 0 -1.00000 -1.00000   35    0    0  1  0    0    0    0  1  0    84    11499
db86            128 0 -1.00000 -1.00000   46    0    0  1  0    0    0    0  1  0    85    11636
db87            128 0 -1.00000 -1.00000   48    0    0  1  0    0    0    0  1  0    86    11773
db88            128 0 -1.00000 -1.00000   51    0    0  1  0    0    0    0  1  0    87    11910
db89            128 0 -1.00000 -1.00000   45    0    0  1  0    0    0    0  1  0    88    12047
db90            128 0 -1.00000 -1.00000   41    0    0  1  0    0    0    0  1  0    89    12184
db91            128 0 -1.00000 -1.00000   42    0    0  1  0    0    0    0  1  0    90    12321
db92            128 0 -1.00000 -1.00000   46    0    0  1  0    0    0    0  1  0    91    12458
db93            128 0 -1.00000 -1.00000   45    0    0  1  0    0    0    0  1  0    92    12595
db94            128 0 -1.00000 -1.00000   39    0    0  1  0    0    0    0  1  0    93    12732
db95            128 0 -1.00000 -1.00000   42    0    0  1  0    0    0    0  1  0    94    12869
db96            128 0 -1.00000 -1.00000   47    0    0  1  0    0    0    0  1  0    95    13006
db97            128 0 -1.00000 -1.00000   54    0    0  1  0    0    0    0  1  0    96    13143
db98            128 0 -1.00000 -1.00000   36    0    0  1  0    0    0    0  1  0    97    13280
db99            128 0 -1.00000 -1.00000   48    0    0  1  0    0    0    0  1  0    98    13417

